"كد دوره";"كد دوره در نفت";"کد دوره در پالايش و پخش";"کد دوره در گاز";"کد دوره در پتروشيمي"
41001;14463;;;
41002;20746;;;
41003;15373;;;
41004;-;;;
41005;23428;;;
41006;10153;;;
41007;-;;;
41008;19057;;;
41009;22533;;;
41010;16817;;;
41011;170872;;;
41012;38009;;;
41013;18397;;;
41014;17088;;;
41015;-;;;
41016;15195;;;
41017;151953;;;
41018;151951;;;
41019;151952;;;
41020;230101;;;
41021;23010;;;
41022;23020;;;
41023;-;;;
41024;-;;;
41025;-;;;
41026;-;;;
41027;14476;;;
41028;10859;;;
41029;-;;;
41030;-;;;
41031;-;;;
41032;-;;;
41033;-;;;
41034;-;;;
41035;-;;;
41036;-;;;
41037;-;;;
41038;12863;;;
41039;20366;;;
41040;20367;;;
41041;20898;;;
41042;20892;;;
41043;22330;;;
41044;-;;;
41045;-;;;
41046;20800;;;
41047;-;;;
41048;20895;;;
41049;-;;;
41050;23009;;;
41051;22329;;;
41052;12883;;;
41053;12884;;;
41054;12864;;;
41055;12882;;;
41056;23620;;;
41057;-;;;
41058;-;;;
41059;-;;;
41060;-;;;
41061;20896;;;
41062;-;;;
41063;23019;;;
41064;17985;;;
41065;12885;;;
41066;-;;;
41067;20249;;;
41068;-;;;
41069;12352;;;
41070;-;;;
41071;-;;;
41072;-;;;
41073;23427;;;
41074;-;;;
41075;-;;;
41076;-;;;
41077;-;;;
41078;-;;;
41079;13015;;;
41080;-;;;
41081;-;;;
41082;-;;;
41083;-;;;
41084;-;;;
41085;18075;;;
41086;-;;;
41087;-;;;
41088;16370;;;
41089;-;;;
41090;-;;;
41091;-;;;
41092;-;;;
41093;-;;;
41094;-;;;
41095;-;;;
41096;21812;;;
41097;10453;;;
41098;-;;;
41099;20767;;;
41100;-;;;
41101;-;;;
41102;-;;;
41103;-;;;
40001;23749;;;
40002;17166;;;
40003;16840;;;
40004;-;;;
40005;-;;;
40006;-;;;
40007;10757;;;
42001;-;;;
42002;17388;;;
42003;-;;;
42004;23018;;;
42005;22557;;;
42006;-;;;
42007;-;;;
42008;20755;;;
42009;22950;;;
42010;-;;;
42011;18632;;;
42012;21247;;;
42013;-;;;
42014;-;;;
42015;-;;;
42016;-;;;
42017;-;;;
42018;-;;;
42019;18914;;;
42020;-;;;
42021;21377;;;
42022;-;;;
42023;16836;;;
42024;-;;;
42025;17021;;;
42026;14454;;;
42027;18189;;;
42028;-;;;
42029;-;;;
42030;12976;;;
42031;-;;;
42032;-;;;
42033;17164;;;
42034;21906;;;
42035;21560;;;
42036;-;;;
42037;-;;;
42038;17063;;;
42039;--;;;
42040;-;;;
42041;14444;;;
42042;-;;;
42043;15345;;;
42044;18665;;;
42045;21319;;;
42046;16530;;;
42047;-;;;
42048;23272;;;
42049;20843;;;
42050;20398;;;
42051;-;;;
42052;23169;;;
13901;19098;;3021-3054-30029-30030-80116-3224;
13902;-;;1185-40005-3894-40006-40007-46003-1186;
13903;22800;;1106;
13904;23722;;80115;
13905;12617;;1106;
13906;23727;;1097-40032;
13907;23691;;-;
13908;20804;;3030;
13909;19097;;-;
13910;23719;;1108-3203;
13911;11723;;-;
13912;20809;;30085;
13913;19099;;-;
13914;18423;;30029-3021-3054;
13915;20111;;1109-3073;
13916;-;;40033;
13917;20021;;1134-40009-1110;
13918;-;;-;
13919;-;;-;
13920;-;;-;
13921;14538;;3825-30024-3214-30070-1252-2870-3146;
13922;16483;;3626;
13923;20808;;-;
13924;23726;;-;
13925;;;;120015
23001;15440;;;
23002;15441;;;
23003;16403;;;
23004;13073;;;
23005;21173;;;
23006;15434;;;
23007;16681;;;
23008;20517;;;
23009;;;;
23010;17398;;;
23011;22464;;;
23012;17711;;;
23013;;;;
23014;22465;;;
23015;;;;
23016;;;;
23017;;;;
23018;17000;;;
23019;;;;
23020;18437;;;
23021;;;;
23022;;;;
23023;;;;
23024;;;;
23025;23793;;;
23026;;;;
23027;;;;
23028;;;;
23029;23580;;;
23030;;;;
23031;;;;
23032;;;;
23033;;;;
23034;21459;;;
23035;22212;;;
23036;;;;
23037;;;;
23038;15426;;;
23039;16941;;;
23040;;;;
23041;;;;
23042;;;;
23043;;;;
23044;;;;
23045;;;;
23046;;;;
23047;;;;
23048;;;;
23049;;;;
23050;;;;
23051;;;;
23052;;;;
23053;;;;
23054;;;;
23055;;;;
23056;22815;;;
23057;;;;
23058;;;;
23059;;;;
23060;18232;;;
23061;18417;;;
23062;18099;;;
23063;18168;;;
23064;;;;
23065;22822;;;
23066;;;;
23067;;;;
23068;21142;;;
23069;18184;;;
23070;22682;;;
23071;;;;
23072;;;;
23073;;;;
23074;21651;;;
23075;12471;;;
23076;;;;
23077;;;;
23078;18179;;;
23079;;;;
23080;18170;;;
23081;12576;;;
23082;14587;;;
23083;17627;;;
23084;;;;
23085;;;;
23086;;;;
23087;16426;;;
23088;;;;
61001;-;;;
61002;20175;;;
61003;-;;;
61004;16975;;;
61005;;;;
61006;;;;
61007;;;;
61008;;;;
61009;;;;
61010;;;;
61011;;;;
61012;;;;
61013;18601;;;
61014;18592;;;
61015;20378;;;
61016;23479;;;
61017;-;;;
61018;23219;;;
61019;13070;;;
61020;-;;;
61021;23220;;;
61022;-;;;
61023;;;;
61024;;;;
61025;15160;;;
61026;22906;;;
61027;18762;;;
61028;15179;;;
61029;18844;;;
61030;12286;;;
61031;18594;;;
61032;16442;;;
61033;12179;;;
61034;21302;;;
61035;-;;;
61036;155481;;;
61037;17442;;;
61038;16641;;;
61039;21219;;;
61040;15541;;;
61041;15262;;;
61042;22905;;;
61043;-;;;
61044;14199;;;
61045;-;;;
61046;15549;;;
61047;16614;;;
61048;12983;;;
61049;-;;;
61050;21310;;;
61051;-;;;
61052;10075;;;
61053;-;;;
61054;18604;;;
61055;15540;;;
61056;-;;;
61057;-;;;
61058;;;;
61059;17266;;;
61060;23432;;;
61061;-;;;
61062;23424;;;
61063;-;;;
65001;-;;;
65002;-;;;
65003;20932;;;
65004;18795;;;
65005;18079;;;
65006;20913;;;
65007;10247;;;
65008;15161;;;
65009;17289;;;
65010;16536;;;
65011;18853;;;
65012;-;;;
65013;-;;;
65014;-;;;
65015;-;;;
65016;21348;;;
65017;-;;;
65018;18150;;;
65019;18863;;;
65020;-;;;
65021;18891;;;
65022;-;;;
65023;16520;;;
65024;17441;;;
65025;17260;;;
65026;17279;;;
65027;-;;;
65028;-;;;
65029;-;;;
65030;20747;;;
65031;16828;;;
65032;-;;;
65033;17248;;;
65034;14215;;;
65035;15534;;;
65036;17290;;;
65037;17285;;;
65038;18883;;;
65039;12474;;;
65040;-;;;
65041;18860;;;
26001;-;;1096;
26002;-;;-;
26003;21758;;30011;
26004;11334;;1010-1024;
26005;12613;;1011-1012-1348;
26006;14509;;3098-3019-3879;
26007;-;;3178;
26008;37956;;3073;
26009;21695;;-;
26010;-;;-;
26011;21671;;-;
26012;-;;-;
26013;-;;-;
26014;17579;;3098;
26015;-;;-;
26016;22238;;-;
26017;9008;;-;
26018;21864;;-;
26019;20854;;-;
26020;-;;-;
26021;-;;-;
26022;-;;-;
26023;17400;;-;
26024;-;;3211;
26025;-;;-;
26026;-;;;
26027;-;;;
5001;21215;;3113-1120-3110;
5002;22993;;1546;
5003;16214;;1273;
5004;16100;;1845-1187-30081;
5005;-;;1860-10005;
5006;-;;-;
5007;21664;;-;
5008;-;;-;
5009;-;;-;
5010;23110;;-;
5011;-;;-;
5012;-;;-;
5013;-;;-;
5014;-;;-;
5015;-;;-;
5016;-;;-;
5017;-;;-;
5018;-;;-;
5019;-;;-;
5020;-;;-;
5021;-;;-;
5022;-;;;
5023;-;;;
66001;15189;;;
66002;-;;;
66003;23467;;;
66004;20838;;;
66005;22908;;;
66006;22907;;;
66007;17210;;;
66008;-;;;
66009;23482;;;
66010;-;;;
66030;22497;;;
66012;-;;;
66032;23418;;;
66014;-;;;
66015;-;;;
66016;-;;;
66017;-;;;
66018;21284;;;
66019;-;;;
66020;22743;;;
66021;17095;;;
66022;20852;;;
66023;-;;;
66024;18834;;;
66025;17067;;;
66026;-;;;
66027;18532;;;
66028;-;;;
66029;23684;;;
66030;;;;
21401;50008;;;
21402;;;;215090
21403;;;;211050
21404;;;;218413
21405;50003;;;
21406;;;;211020
21407;;;;211021
21408;;;;211025
21409;;;;211057
21410;209141;;;
21411;209141;;;
21412;;19102;;
21413;;;;211060
21414;;;;211076
21415;;;;211075
21416;;;;211066
21417;;;;243140
21418;;19108;;
21419;;19104;;
21420;;;;211065
21421;;;;211005
21422;;;;211046
21423;;;;
21424;15580;;;
21425;;;;211108
21426;;;;211064
21427;50004;;;
21428;;;;211106
21429;;;;215040
21430;;;;211071
21431;50002;;;
21432;;;;
21433;;;;211085
21434;50005;;;
21435;;;;211105
21436;50006;;;
21437;;;;50001
21438;;;;215020
21439;;;;215010
21440;;;;211061
21441;;;;215050
21442;50007;;;
21443;;19410;;
21444;;19410;;
21445;;;;
21446;;;;
21447;;;;
21447;;;;
12001;12085;;44021-1282-1284-1277-1196;
12002;12104;;1338-1341-1069-1334-1335-1339-44025-1337-1368;
12003;14593;;7002-1275-1368-1336;
12004;14588;;-;
12005;14590;;1023-1071-1338;
12006;22086;;1373;
12007;13076;;1343-3867-3869-44016-1176-3079-30061;
12008;16355;;3901;
12009;14594;;1214;
12010;-;;1283;
12011;16932;;1518;
12012;23063;;-;
12013;12112;;3870-44013-3159-1296-1540;
12014;12140;;3871;
12015;12506;;44007-1194-1094-3876-7102;
12016;14546;;42014-44019-3154-1104-1182-46007;
12017;16542;;-;
12018;14627;;44006;
12019;16839;;1059;
12020;17182;;1356-1358-44001;
12021;17810;;1015;
12022;-;;-;
12023;19079;;44028-44012;
12024;19084;;7072;
12025;22852;;3856-44017;
12026;12117;;44022-1322-1289-3872-1066-1278;
12027;12136;;1322-44020-1290-1154-44018;
12028;16651;;1294;
12029;12101;;1077-1274;
12030;12106;;1276-1333-1280-1286-1332-1371-1334;
12031;14518;;1279-1291-1295-1277;
12032;14596;;3164;
12033;14804;;1078-1534;
12034;16449;;7046-44010-44008;
12035;12149;;-;
12036;17004;;1023;
12037;-;;1293-44023;
12038;-;;-;42060
12039;-;;30083-44014;42050
12040;-;;410057;
12041;;;;
43001;18174;;;
43002;22803;;;
43003;10853;;;
43004;-;;;
43005;-;;;
43006;-;;;
43007;-;;;
43008;-;;;
43009;-;;;
43101;12356;;;
43102;12366;;;
43103;-;;;
43104;16889;;;
43201;23887;;;
43202;23351;;;
43203;23752;;;
43204;-;;;
43205;10927;;;
43206;15288;;;
43301;-;;;
43302;18176;;;
43303;18400;;;
43304;-;;;
43305;-;;;
43401;-;;;
43402;-;;;
43403;-;;;
43404;-;;;
43405;-;;;
43406;-;;;
43407;18175;;;
9001;11490;53427-53396;;
9002;11491;;;
9003;22681;531030-53502;;
9004;13607;53122-53539-53526;;
9005;18821;53481;;
9006;17059;53218;;
9007;17369;53164-53497-53108-53501-53175;;
9008;23761;;;
9009;12597;;;
9010;23142;53520-53358-53349-53399;;
9011;18126;;;
9012;11693;53221;;
9013;22826;;;
9014;22516;;;
9015;13096;53477-53347-53262;;
9016;21191;53462-53117-;;
9017;21649;53250;;
9018;13086;53450;;
9019;17363;;;
9020;-;53191;;
9021;11844;53126-53428-53525;;
9022;14504;53104;;
9023;18167;;;
9024;12719;533230-53499-53185-53222;;
9025;23764;;;
9026;11854;53112-53174-53234;;
9027;18169;53443;;
9028;13089;53440;;
9029;22910;53498;;
9030;23451;;;
9031;22637;53255;;
9032;17377;53141-53139-53340;;
9033;21189;53388;;
9034;12624;53140;;
9035;20770;;;
9036;14571;53115-53147;;
9037;23069;;;
9038;21631;;;
9039;22514;;;
9040;23758;;;
9041;16516;;;
9042;;;;
9043;-;;;
9044;-;;;
9045;-;;;
9046;;;;
9047;;;;
9048;;;;
21201;;;;
21202;;;;218403
21203;21129;;;
21204;;;;218411
21205;10614;;;
21206;;;;218416
21207;;;;218415
21208;;;;211012
21209;;;;218420
21210;;;;
21211;;;;
21212;;;;218418
21213;;;;
21214;20959;;;
21215;;;;218401
21216;;;;218408
21217;;;;218405
21218;;;;218404
21219;13322;;;
21220;22221;;;
21221;;;;
21222;;;;218414
21223;;;;218409
21224;;;;
21225;;;;218417
21226;15567;;;
21227;17323;;;
21228;;;;218406
21229;;;;
21230;;;80132;
21231;;;;
21232;;;;
51001;17230;;;
51002;-;;;
51003;16242;;;
51004;10185;;;
51005;-;;;
51006;15157;;;
51007;-;;;
51008;-;;;
51009;-;;;
51010;-;;;
51011;-;;;
51012;15153;;;
51013;18599;;;
51014;10705;;;
51015;-;;;
51016;-;;;
51017;22929;;;
51018;23174;;;
51019;-;;;
51020;-;;;
51021;12279;;;
51022;-;;;
51023;15162;;;
51024;23423;;;
51025;10375;;;
51026;12929;;;
51027;10429;;;
51028;-;;;
51029;16272;;;
51030;-;;;
51031;16627;;;
51032;16855;;;
51033;20159;;;
51034;-;;;
51035;21164;;;
51036;20173;;;
51037;-;;;
51038;15482;;;
51039;20172;;;
51040;22965;;;
51041;-;;;
51042;15156;;;
51043;-;;;
51044;-;;;
51045;-;;;
51046;-;;;
51047;-;;;
51048;-;;;
51049;22266;;;
51050;-;;;
52001;172301;;;
52002;18829;;;
52003;22909;;;
52004;-;;;
52005;17090;;;
52006;-;;;
52007;21888;;;
52008;-;;;
52009;-;;;
52010;-;;;
52011;-;;;
52012;12956;;;
52013;-;;;
52014;-;;;
52015;-;;;
52016;-;;;
52017;-;;;
52018;23164;;;
52019;20760;;;
52020;21871;;;
52021;15217;;;
52022;-;;;
52023;-;;;
52024;-;;;
52025;-;;;
52026;-;;;
52027;15254;;;
52028;-;;;
52029;20163;;;
52030;-;;;
52031;-;;;
52032;-;;;
52033;15210;;;
52034;-;;;
52035;-;;;
52036;-;;;
52037;-;;;
52038;17242;;;
52039;-;;;
52040;-;;;
52041;-;;;
52042;-;;;
52043;18194;;;
52044;-;;;
52045;-;;;
52046;19063;;;
52047;-;;;
52048;-;;;
52049;-;;;
52050;-;;;
52051;-;;;
52052;-;;;
52053;-;;;
19001;;;;
19002;;;;
19003;;;;
19004;21715;;;
19005;;;;
19006;;;;
19007;18938;;;
19008;20235-22117;;;
19009;20025;;;
19010;;;;
19011;;;;
19012;;;;
19013;;;;
19014;;;;
19015;20237;;;
19016;;;;
19017;18457;;;
19018;23147;;;
19019;18609;;;
19020;20024;;;
19021;12544;;;
25001;17680;;;
25002;14688;;;
25003;23667;;;
25004;-;;;
25005;-;;;
25006;17683;;;
25007;21169;;;
25008;-;;;
25009;-;;;
25010;-;;;
25011;13616;;;
25012;-;;;
25013;23660;;;
25014;12203;;;
25015;-;;;
25016;-;;;
25017;-;;;
25018;-;;;
25019;-;;;
25020;-;;;
25021;-;;;
25022;-;;;
16001;20688;;1806-1812;
16002;-;;-;
16003;22113;;1857;
16004;17880;;1830-1820-48002;
16005;12385;;1853;
16006;21329;;1852;
16007;22442;;1851;
16008;18272;;1833-1839;
16009;22746;;1818;
16010;20929;;1809;
16011;22476;;10003-1844;
16012;20281;;1829-1836;
16013;22472;;1826;
16014;-;;1824;
16015;18816;;1827;
16016;22100;;1843;
16017;-;;1859;
16018;18013;;1805;
16019;22437;;1832;
16020;20140;;-;
16101;22443;;1822;
16102;-;;1842;
16103;-;;-;
16104;-;;-;
16105;-;;-;
16106;-;;-;
16107;-;;-;
16501;17848;;1831;
16502;-;;1862;
16503;-;;1863;
16504;-;;1864;
16505;-;;1865-6749;
14101;14633;;1163-46005;
14102;14634;;1192;
14103;17842;;-;
14104;17843;;-;
14105;17846;;-;
14106;17847;;-;
14107;19086;;1182;
14108;20121;;-;
14109;20744;;1166-1525;
14110;21531;;1181-1289-1288;
14111;21589;;1329;
14112;-;;-;
14113;-;;-;
14114;-;;1185-1186-1171-1083-40005-40006;
14115;-;;-;
14116;-;;44020-44019-44018;
14117;-;;1168;
14118;-;;-;
14119;-;;46002;
14120;-;;3235;
14121;-;;-;
14122;-;;1528-3891-1315;
14123;-;;1188;
14124;-;;1174-1059;
14125;-;;1191;
14126;-;;-;
14127;-;;44028-3856-44017;
14128;-;;-;
14129;-;;-;
14130;-;;1062;
14131;-;;-;
14132;-;;-;
14501;-;;1219-1220-1083;
14502;11549;;3876-1363-7102;
14503;12797;;1358-1356-44001;
14504;21661;;3874;
14505;-;;-;
14506;-;;-;
14507;22628;;-;
14508;23540;;1520-1169;
14509;-;;-;
14510;-;;30018;
82201;-;;;
82202;-;;;
82203;-;;;
82204;14946;;;
82205;15814;;;
82206;23639;;;
82207;23967;;;
82208;37883;;;
82209;22770;;;
82210;22314;;;
82211;10430;;;
82212;-;;;
82213;12248;;;
82214;37877;;;
82215;37884;;;
82216;23621;;;
82217;-;;;
82218;-;;;
13501;18087;;40010-1530;
13502;19071;;-;
13503;19068;;-;
13504;22004;;-;
13505;;;;
13506;;;;
13507;;;1313;
13508;;;;
13509;;;;
13510;;;;
15001;22005;-;1271;
15002;-;3050245;-;
15003;14557;-;1370;
15004;22083;-;-;
15005;-;3050246;1263;
15006;-;3050004;1247-1248;
15007;-;-;-;
15008;-;3050236;-;
15009;-;3050018;1224;
15010;19072;-;1259;
15011;-;3050209;-;
15012;-;3050232;1235-1229;
15013;-;3050235;3224-1224;
15014;401257;-;1257-1258;
15015;18264;-;1236-40037;
15016;-;3050213;-;
15017;401225;;90002;
15018;;3050234;-;
15019;;3050191;1238-30022;
15020;16565;;4119-10001;
15021;11832;;-;
15022;;3050229;1237;
15023;-;;1239;
15024;-;3050243;1256;
15025;-;3050244;1240;
15026;10891;;1241-1251-1255;
15027;;3050231;1601;
15028;14611;3050241;1230-1227-1250-1234;
15029;22932;;1153;
15030;-;;-;
15031;;3050270;1228-40033;
15032;;3050227;1253;
15033;;3050304;-;
15034;;3050237;-;
20401;-;;;
20402;-;;;
20403;14736;;;
20404;14747;;;
20405;20797;;;
20406;14739;;;
20407;20602;;;
20408;20261;;;
20409;11911;;;
20410;-;;;
20201;14749;;;
20202;17767;;;
20203;-;;;
20204;-;;;
20205;21056;;;
20206;14751;;;
20207;22753;;;
20208;21879;;;
20209;21878;;;
20210;-;;;
20211;17960;;;
20212;18656;;;
20213;-;;;
20214;13576;;;
20215;19035;;;
20216;-;;;
20217;-;;;
20218;23777;;;
20219;23776;;;
20220;21114;;;
20001;14735;;2872-3873-1015-1091;
20002;-;;;
20003;20964;;;
20004;14725;;;
20005;14748;;;
20006;-;;;
20007;-;;;
20008;23888;;;
20009;23910;;;
20010;12172;;;
6001;16302;;2804;
6002;16303;;2805;
6003;16304;;2806;
6004;16305;;2807;
6005;16306;;2808;
6006;16307;;2809;
6007;16308;;2810;
6008;16309;;2811;
6009;16310;;2812;
6010;16311;;2813;
6011;16312;;2814;
6012;16313;;2815;
6013;16314;;2816;
6014;16315;;2817;
6015;16316;;2818;
6016;16317;;2819;
6017;16318;;2842-2843-2844-2820;
6018;16319;;-;
6019;;;-;
6020;11910;;;
6021;21376;;;
6022;11926;;;
6023;23956;;;
63001;21747;;;
63002;21751;;;
63003;20318;;;
63004;-;;;
63005;18577;;;
63006;18572;;;
63007;22900;;;
63008;-;;;
63009;-;;;
63010;21727;;;
63011;18575;;;
63012;-;;;
63013;-;;;
63014;-;;;
63015;23464;;;
63016;17616;;;
63017;17617;;;
63018;21748;;;
63019;-;;;
63020;-;;;
63021;17614;;;
63022;-;;;
63023;21794;;;
63024;21726;;;
63025;22895;;;
63026;-;;;
63027;21728;;;
63028;-;;;
63029;18526;;;
63030;17619;;;
63031;18578;;;
63032;-;;;
63033;22894;;;
63034;18525;;;
63035;17299;;;
63036;-;;;
63037;22901;;;
63038;17602;;;
63039;17892;;;
63040;18529و17213;;;
63041;23465;;;
63042;-;;;
63043;-;;;
63044;18523;;;
63045;17612;;;
63046;22899;;;
63047;21740;;;
63048;-;;;
63049;;;;
63050;;;;
64001;20245;;;
64002;15544;;;
64003;23434;;;
64004;-;;;
64005;17272;;;
64006;15526;;;
64007;-;;;
64008;23466;;;
64009;23468;;;
64010;18842;;;
64011;-;;;
64012;17249;;;
10001;8101;;1034;
10002;11535;;1038;
10003;11559;;1376;
10004;11592;;1041-40039-1040;
10005;11792;;1019-1531;
10006;16992;;2102-40002;
85301;23625;;;
85302;18454;;;
85303;21146;;;
85304;20259;;;
85305;-;;;
85306;-;;;
85307;12389;;;
85308;18450;;;
85309;20683;;;
85310;-;;;
85311;-;;;
85312;-;;;
85313;-;;;
85314;-;;;
85001;-;;;
85002;-;;;
85003;-;;;
85004;20997;;;
85005;-;;;
85006;-;;;
85007;-;;;
85008;21540;;;
85009;215401;;;
85010;-;;;
85011;23361;;;
85012;-;;;
85013;-;;;
85014;12001;;;
85015;-;;;
85016;-;;;
85017;-;;;
85018;12778;;;
85019;20490;;;
85020;23634;;;
85021;12843;;;
85022;18357;;;
85023;18350;;;
85024;18348;;;
85025;18349;;;
85026;20272;;;
85027;18344;;;
85028;183451;;;
85029;18345;;;
85030;18453;;;
85031;11975;;;
85032;-;;;
85033;23658;;;
85034;-;;;
85035;38026;;;
85036;21330;;;
85037;18449;;;
85038;-;;;
85039;-;;;
85040;-;;;
85041;-;;;
85042;-;;;
85043;11994;;;
85044;11993;;;
85045;-;;;
85046;11995;;;
85901;12039;;;
85902;17438;;;
85903;13055;;;
85904;22855;;;
85905;-;;;
85906;-;;;
85907;-;;;
85908;13057;;;
85909;13058;;;
85910;23360;;;
85601;10672;;;
85602;12381;;;
85603;18141;;;
85604;11768;;;
85605;12560;;;
85606;12559;;;
85607;605;;;
85608;-;;;
85609;-;;;
85610;23770;;;
85611;23767;;;
85612;23774;;;
85613;-;;;
85614;-;;;
85615;-;;;
85616;-;;;
85617;-;;;
85618;-;;;
85619;-;;;
85620;23772;;;
85621;23773;;;
85622;23775;;;
85623;20351;;;
85624;23771;;;
85625;21150;;;
85626;13474;;;
85627;12407;;;
85628;23765;;;
85629;23766;;;
85630;18205;;;
85631;10064;;;
85632;13054;;;
81301;;;;
81302;;;;
81303;;;;
81304;;;;
81305;;;;
81306;;;;
81307;;;;
81308;;;;
81309;;;;
81310;;;;
81311;;;;
81312;;;;
81313;;;;
81314;;;;
81315;;;;
81316;;;;
81317;;;;
81318;;;;
81319;;;;
81320;;;;
81321;;;;
81322;;;;
81323;;;;
81324;;;;
81325;;;;
81326;;;;
81327;;;;
81328;;;;
81001;;;5877;
81002;;;5486;
81003;;;5544;
81004;;;5854;
81005;;;5716;
81006;;;7047;
81007;;;7224;
81008;;;5923;
81009;;;5435;
81010;;;-;
81011;;;-;
81012;;;;
81013;;;;
81014;21313;;;
81015;;;;
21001;;;;
21002;;;;211006
21003;;;;
21004;;;;211100
21005;;;;
21006;;;;211030
21007;;;;
21008;;;80415;
21009;;;;
21010;18432;;;
21011;;;;
21012;;;;211087
21013;;;80429;
21014;;;;
21015;17396;;;
21016;;19439;;
35001;21831;;;
35002;23571;;;
35003;323;;;
35004;18962;;;
35005;324;;;
35006;317;;;
35007;325;;;
35008;334;;;
35009;306;;;
35010;318;;;
35011;322;;;
35012;326;;;
35013;319;;;
35014;321;;;
35015;320;;;
35016;328;;;
35017;329;;;
35018;330;;;
35019;332;;;
35020;327;;;
35021;333;;;
35022;331;;;
39001;-;;;
39002;-;;;
39003;-;;;
39004;16696;;;
39005;-;;;
39006;-;;;
39007;-;;;
39008;-;;;
39009;-;;;
39010;-;;;
39011;-;;;
39012;-;;;
39013;-;;;
39014;-;;;
39015;-;;;
39016;-;;;
39017;-;;;
39018;-;;;
39019;-;;;
39020;-;;;
39021;-;;;
39022;-;;;
39023;-;;;
39024;-;;;
39025;-;;;
39026;-;;;
39027;-;;;
39028;-;;;
39029;-;;;
39030;-;;;
39031;-;;;
39032;-;;;
39033;20222;;;
39034;20226;;;
39035;-;;;
39036;-;;;
39037;-;;;
39038;-;;;
39039;-;;;
39040;-;;;
39041;-;;;
39042;-;;;
39043;-;;;
39044;-;;;
39045;-;;;
39046;-;;;
39047;-;;;
39048;-;;;
32001;20421;;;
32002;22545;;;
32003;-;;;
32004;-;;;
32005;-;;;
32006;-;;;
32007;-;;;
32008;-;;;
32009;-;;;
32010;-;;;
32011;-;;;
32012;-;;;
32013;-;;;
33001;16926;;;
33002;-;;;
33003;-;;;
33004;-;;;
33005;17308;;;
33006;8508;;;
33007;-;;;
34001;16444;;;
34002;23583;;;
34003;17025;;;
34004;17582;;;
34005;-;;;
37001;38041;;;
37002;-;;;
37003;-;;;
37004;-;;;
37005;-;;;
37006;-;;;
37007;-;;;
37008;-;;;
37009;-;;;
37010;-;;;
37011;18199;;;
37012;-;;;
37013;-;;;
37014;-;;;
37015;-;;;
37016;-;;;
37017;-;;;
37018;-;;;
37019;17699;;;
37020;23022;;;
37021;18204;;;
37022;-;;;
37023;-;;;
37024;-;;;
37025;-;;;
37026;-;;;
37027;-;;;
37028;-;;;
37029;21827;;;
37030;17665;;;
37031;23011;;;
37032;-;;;
37033;-;;;
37034;15698;;;
37035;15737;;;
37036;-;;;
37037;-;;;
37038;-;;;
37039;-;;;
37040;-;;;
37041;-;;;
37042;-;;;
37043;-;;;
37044;23563;;;
37045;23567;;;
36001;21062;;;
36002;23894;;;
36003;16693;;;
36004;-;;;
36005;-;;;
36006;17592;;;
36007;22318;;;
36008;-;;;
36009;-;;;
36010;12443;;;
36011;-;;;
36012;23581;;;
36013;21065;;;
36014;17561;;;
36015;22317;;;
36016;-;;;
36017;22543;;;
36018;23574;;;
36019;-;;;
36020;20937;;;
36021;17027;;;
36022;-;;;
36023;-;;;
36024;23208;;;
36025;17581;;;
36026;-;;;
36027;-;;;
36028;22723;;;
36029;20725;;;
30001;18198;;;
30002;-;;;
30003;22848;;;
30004;-;;;
30005;14009;;;
30006;-;;;
30007;-;;;
30008;-;;;
30009;-;;;
30010;-;;;
30011;21909;;;
30012;-;;;
31001;-;;;
31002;17571;;;
31003;12430;;;
31004;13592;;;
31005;21944;;;
31006;-;;;
31007;-;;;
31008;17057;;;
31009;-;;;
31010;15725;;;
31011;-;;;
31012;-;;;
7001;20785;;2001;
7002;20786;;2009-2010-2011-2087-2088;
7003;20787;;2007;
7004;20788;;2028-2032-2033;
7005;20789;;2026-2030;
7006;20790;;2034;
7007;20791;;2080-2081-3854;
7101;-;;2114;
7102;-;;-;
7103;23714;;2029-2033;
7104;-;;2027-2031;
7105;20811;;3857-3087;
7106;-;;2090-30080-2129-3147-1819-80505-3147-2129-1821;
7107;18363;;2043;
7108;16859;;2102;
18001;22316;;-;
18002;18971;;-;
18003;-;;1136;
18004;21627;;-;
18005;11586;;1512;
18006;22243;;-;
18007;-;;-;
18008;18973;;-;
18009;-;;-;
18010;12811;;-;
18011;14786;;-;
18012;-;;-;
18013;-;;-;
18014;21673;;1272;
18015;-;;-;
18016;-;;-;
18017;-;;-;
18018;18970;;1268-1270-1269;
18019;-;;-;
11001;-;;3840-42012;
11002;-;;1533;
11003;11343;;1527;
11004;11360;;1526-1362-3844;
11005;11368;;1049-1073;
11006;11371;;3845-3013;
11007;11378;;1065;
11008;-;;-;
11009;11380;;1534-1078;
11010;11397;;3043-1036-3847;
11011;11406;;1054;
11012;-;;1055;
11013;11418;;1093;
11014;-;;-;
11015;11433;;1318;
11016;11438;;3037-3842-3838;
11017;11446;;1315-3891-1528-1048-46006;
11018;11590;;1059;
11019;11858;;1082;
11020;12473;;1317;
11021;12482;;-;
11022;12490;;1544-1536-1092-1056-1047-1514-3163-3187-3836-3837-42005-1073-1064-1545;
11023;12491;;1047;
11024;12518;;1520-1340-1169;
11025;12881;;-;
11026;14622;;1221-42007;
11027;14630;;-;
11028;14645;;-;
11029;16267;;-;
11030;16344;;1342;
11031;16460;;1347;
11032;16543;;-;
11033;18286;;1319;
11034;20996;;3839-42008;
11035;22040;;42014-46007-1182-1169;
11036;22222;;-;
11037;-;;-;
11038;23372;;-;
11039;23383;;-;
11040;23509;;3876;
11041;23357;;1194;
21601;;;;
21602;;;;
21603;;;;
21604;;;;241028
21605;;;;241024
21606;;;;241018
21607;;;;241025
21608;;;;241009
21609;;;;
21610;;;;241029
21611;;;;241023
21612;;;;241014
21613;;;;241013
21614;;;;241020
21615;;;;241011
21616;;;;
21617;;;;241026
21618;;;;
21619;;;;
21620;;;;241022
21621;;;;241008
21622;;;80311;
21623;18446;;;
21624;;;;241012
21625;;;;
21626;;19413;;
21627;;;;241001
21628;;;;241006
21629;;;;241002
21630;;;;241007
21631;;;;
21632;;;;
21633;;;;
21634;;;;
21635;;;;
24001;20350;;;
24002;16798;;;
24003;-;;;
24004;21027;;;
24005;22359;;;
24006;-;;;
24007;14646;;;
24008;14647;;;
24009;17172;;;
24010;22823;;;
24011;16945;;;
24012;14566;;;
24013;21766;;;
24014;-;;;
22001;23531;;;
22002;22226;;;
22003;23682;;;
22004;-;;;
22005;18810;;;
22006;11143;;;
22007;14014;;;
22008;-;;;
22009;23528;;;
22010;-;;;
22011;-;;;
22012;23542;;;
22013;-;;;
22014;23519;;;
22015;23544;;;
22016;23160;;;
22017;23529;;;
22018;23554;;;
22019;23541;;;
22020;23538;;;
22021;23537;;;
22022;-;;;
22023;-;;;
22024;-;;;
22025;23278;;;
22026;22036;;;
22027;13101;;;
22028;-;;;
22029;14568;;;
22030;23536;;;
22031;15715;;;
22032;23527;;;
22033;23521;;;
22034;23522;;;
22035;23524;;;
22036;23513;;;
22037;-;;;
22038;;;;
22039;;;;
22040;;;;
56001;-;;;
56002;-;;;
56003;-;;;
56004;18318;;;
56005;23240;;;
56006;16641;;;
56007;17442;;;
56008;15255;;;
56009;-;;;
56010;15553;;;
56011;20479;;;
56012;20377;;;
56013;-;;;
56014;-;;;
56015;-;;;
56016;10703;;;
56017;-;;;
56018;17030;;;
56019;18263;;;
56022;-;;;
56020;-;;;
56021;-;;;
56023;17857;;;
56024;23435;;;
57001;12277;;;
57002;15869;;;
57003;-;;;
57004;-;;;
57005;-;;;
57006;15680;;;
57007;38010;;;
57008;-;;;
57009;12326;;;
57010;18870;;;
57011;-;;;
57012;-;;;
57013;23243;;;
57014;23244;;;
57015;21405;;;
57016;16412;;;
57017;18832;;;
57018;-;;;
57019;-;;;
57020;-;;;
57021;-;;;
57022;21141;;;
57023;23436;;;
57024;22245;;;
57025;23441;;;
57026;23216;;;
57027;-;;;
57028;-;;;
57029;-;;5332;
54001;163301;;;
54002;16330;;;
54003;10792;;;
54004;20150;;;
54005;10463;;;
54006;15232;;;
54007;15230;;;
54008;22346;;;
54009;21316;;;
54010;23416;;;
54011;21315;;;
54012;10642;;;
54013;18924;;;
54014;12330;;;
54015;21308;;;
54016;12328;;;
54017;15171;;;
54018;10294;;;
54019;21414;;;
54020;21407;;;
54021;17106;;;
54022;17682;;;
55001;14257;;;
55002;16888;;;
55003;10554;;;
55004;16427;;;
55005;-;;;
55006;15658;;;
55007;14264;;;
55008;12302;;;
55009;12298;;;
55010;-;;;
55011;14269;;;
55012;-;;;
55013;15235;;;
55014;-;;;
55015;-;;;
53001;20639;;;
53002;12284;;;
53003;14295;;;
53004;14317;;;
53005;20265;;;
53006;16358;;;
53007;14311;;;
53008;20446;;;
53009;21409;;;
53010;20439;;;
53011;16276;;;
53012;16699;;;
53013;15269;;;
;-;;1098;
;11666;;40011-40013-1033;
;20680;;1037;
;21024;;-;
;21436;;1098;
;21437;;-;
;21438;;-;
;22384;;30033-3089-30034;
;12619;;1124-3823;
;11494;;40023-3023-3057;
;14620;;40026-4112-3059;
;18099;;3106;
;18976;;3129-3454-1113-4114;
;20269;;4118;
;20647;;3129-4113-40027;
;22276;;3210;
;22994;;-;
;23157;;30090-3071-40048;
;12859;;3051;
;17189;;3847;
;17798;;30030-40025-40049-30004-40007;
;16466;;3119-3124-3082-3820-40013-3038-3847-30013;
;12633;;1113-40028;
;23382;;-;
;23415;;3053-3827-30001-30002-80115-3015-3826;
;20026;;-;
;14559;;30022-1238;
;18164;;1096;
;14699;;1330-1532;
;20727;;40020;
;20676;;3808;
;20671;;1366-1075;
;23385;;1062;
;21693;;40018;
;20004;;-;
;-;;4115;
;-;;-;
;-;;-;
;-;;-;
;-;;-;
;21435;;1098;
;11414;;-;
;21655;;-;
;20006;;1031-1537;
;20862;;-;
;20864;;-;
;;;3210-3139-30046;
;;;3244;
;;;3245;
;;;3246;
;14550;;;
;13734;;;
;16288;;;
13001;17798;;30030-40025-40049-30004-40007;
13002;16466;;3119-3124-3082-3820-40013-3038-3847-30013;
13003;23415;;3053-3827-30001-30002-80115-3015-3826;
13004;14699;;1330-1532;
13005;14550;;;
13006;13734;;;
13007;16288;;;
;;;;
13101;11684;;-;
13102;20112;;-;
13103;-;;-;
13104;20105;;-;
13105;-;;-;
13106;20122;;-;
13107;-;;-;
13108;-;;-;
13109;-;;-;
13110;-;;-;
13111;12586;;-;
13201;17189;;3847;
13202;23382;;-;
13203;20026;;-;
13204;14559;;30022-1238;
13205;18164;;1096;
13206;23385;;1062;
13207;20004;;-;
13208;11414;;-;
13301;12619;;1124-3823;
13302;11494;;40023-3023-3057;
13303;14620;;40026-4112-3059;
13304;18099;;3106;
13305;18976;;3129-3454-1113-4114;
13306;20269;;4118;
13307;20647;;3129-4113-40027;
13308;22276;;3210;
13309;22994;;-;
13310;23157;;30090-3071-40048;
13311;12859;;3051;
13312;12633;;1113-40028;
13313;-;;4115;
13314;-;;-;
13315;-;;-;
13316;-;;-;
13317;-;;-;
13401;-;;1098;
13402;11666;;40011-40013-1033;
13403;20680;;1037;
13404;21024;;-;
13405;21436;;1098;
13406;21437;;-;
13407;21438;;-;
13408;22384;;30033-3089-30034;
13409;21435;;1098;
13410;21655;;-;
13501;18087;;40010-1530;
13502;19071;;-;
13503;19068;;-;
13504;22004;;-;
13505;;;;
13506;;;;
13507;;;1313;
13508;;;;
13509;;;;
13510;;;;
13601;20006;;1031-1537;
13602;20862;;-;
13603;20864;;-;
13701;;;3210-3139-30046;
13702;;;3244;
13703;;;3245;
13704;;;3246;
13801;20727;;40020;
13802;21693;;40018;
13803;20676;;3808;
13804;20671;;1366-1075;
13901;19098;;3021-3054-30029-30030-80116-3224;
13902;-;;1185-40005-3894-40006-40007-46003-1186;
13903;22800;;1106;
13904;23722;;80115;
13905;12617;;1106;
13906;23727;;1097-40032;
13907;23691;;-;
13908;20804;;3030;
13909;19097;;-;
13910;23719;;1108-3203;
13911;11723;;-;
13912;20809;;30085;
13913;19099;;-;
13914;18423;;30029-3021-3054;
13915;20111;;1109-3073;
13916;-;;40033;
13917;20021;;1134-40009-1110;
13918;-;;-;
13919;-;;-;
13920;-;;-;
13921;14538;;3825-30024-3214-30070-1252-2870-3146;
13922;16483;;3626;
13923;20808;;-;
13924;23726;;-;
13925;;;;
73001;15454;;;
73002;20544;;;
73003;15411;;;
73004;17440;;;
73005;12825;;;
73006;-;;;
73007;-;;;
73008;23685;;;
73009;-;;;
73010;-;;;
76001;18267;;;
76002;-;;;
76003;20361;;;
76004;-;;;
76005;-;;;
76006;-;;;
76007;-;;;
76008;16626;;;
76009;38021;;;
76010;16638;;;
76011;-;;;
76012;17434;;;
76013;-;;;
76014;-;;;
76015;-;;;
76016;-;;;
76017;-;;;
76018;-;;;
76019;-;;;
76020;-;;;
76021;-;;;
76022;15416;;;
76023;15417;;;
76024;-;;;
76025;-;;;
76026;21075;;;
76027;23139;;;
76028;-;;;
76029;-;;;
76030;-;;;
76031;21546;;;
76032;20536;;;
76033;-;;;
76034;20543;;;
76035;23210;;;
76036;15399;;;
76037;-;;;
76038;21079;;;
76039;-;;;
76040;21081;;;
76041;210811;;;
76042;23211;;;
76043;-;;;
76044;20368;;;
76045;-;;;
76046;-;;;
76047;-;;;
75001;-;;;
75002;15464;;;
75003;23498;;;
75004;-;;;
75005;12833;;;
75006;18270;;;
75007;15425;;;
75008;15423;;;
75009;-;;;
75010;15460;;;
75011;15587;;;
75012;18317;;;
75013;16970;;;
75014;38025;;;
75015;23501;;;
75016;-;;;
75017;-;;;
75018;12818;;;
75019;20545;;;
75020;20549;;;
70001;12155;;;
70002;12160;;;
70003;15571;;;
70004;17986;;;
70005;21410;;;
70006;17222;;;
70007;20541;;;
70008;20542;;;
70009;-;;;
71001;20915;;;
71002;20504;;;
71003;15413;;;
71004;21520;;;
71005;20909;;;
71006;-;;;
71007;21521;;;
71008;22077;;;
71009;-;;;
71010;23206;;;
71011;-;;;
71012;17081;;;
71013;13596;;;
71014;-;;;
71015;16688;;;
71016;-;;;
71017;21517;;;
71018;21516;;;
71019;-;;;
74001;15211;;;
74002;-;;;
74003;-;;;
74004;-;;;
74005;-;;;
74006;-;;;
74007;21895;;;
74008;-;;;
74009;22076;;;
74010;-;;;
81001;18705;;;
81002;10060;;;
81003;13568;;;
81004;15079;;;
81005;15011;;;
81006;22873;;;
81007;18080;;;
81008;20494;;;
81009;14971;;;
81010;15089;;;
81011;13564;;;
81012;22875;;;
81013;10305;;;
81014;12921;;;
81015;17467;;;
81016;16794;;;
81017;18505;;;
81018;17060;;;
81019;12919;;;
81020;20979;;;
81021;23800;;;
81022;15289;;;
81023;13567;;;
81024;23798;;;
81025;;;;
81026;18545;;;
81027;18919;;;
81028;22482;;;
81029;17637;;;
81030;16812;;;
81031;22378;;;
81032;22382;;;
81033;18562;;;
81034;18561;;;
81035;21492;;;
81036;18122;;;
81037;21493;;;
81038;17618;;;
81039;21572;;;
81040;17544;;;
81041;21724;;;
81042;17644;;;
81043;21503;;;
81044;20816;;;
81045;17079;;;
81046;18547;;;
81047;22716;;;
81048;18548;;;
81049;17074;;;
81050;23082;;;
81051;22956;;;
81052;23081;;;
81001;18705;;;
81002;10060;;;
81003;13568;;;
81004;15079;;;
81005;15011;;;
81006;22873;;;
81007;18080;;;
81008;20494;;;
81009;14971;;;
81010;15089;;;
81011;13564;;;
81012;22875;;;
81013;10305;;;
81014;12921;;;
81015;17467;;;
81016;16794;;;
81017;18505;;;
81018;17060;;;
81019;12919;;;
81020;20979;;;
81021;23800;;;
81022;15289;;;
81023;13567;;;
81024;23798;;;
81025;;;;
81026;;;;
81027;;;;
81028;;;;
81029;;;;
81030;;;;
81031;;;;
81032;;;;
81033;;;;
81034;;;;
81035;;;;
81036;;;;
81037;;;;
81038;;;;
81039;;;;
81040;;;;
81041;;;;
81042;;;;
81043;;;;
27401;10359;;;
27402;-;;;
27403;20576;;;
27404;22538;;;
27405;20353;;;
27406;20354;;;
27407;15537;;;
27408;16703;;;
27409;12320;;;
27410;15609;;;
27411;15531;;;
27412;-;;;
27413;-;;;
27414;-;;;
27415;-;;;
27416;-;;;
27417;15615;;;
27418;;;;
27419;12900;;;
27420;16461;;;
27421;16332;;;
27422;-;;;
27423;-;;;
27424;20444;;;
27425;20834;;;
27426;-;;;
27427;-;;;
27428;20715;;;
27429;17127;;;
27430;20355;;;
27431;18228;;;
27432;-;;;
27433;-;;;
27434;14084;;;
27435;10425;;;
27436;20563;;;
27437;20304;;;
27438;-;;;
27439;21577;;;
27440;-;;;
27441;-;;;
27442;-;;;
27443;-;;;
27444;-;;;
27445;-;;;
27446;;;;
27447;;21303;;
27801;10557;;;
27802;10459;;;
27803;15524;;;
27804;10413;;;
27805;16884;;;
27806;15203;;;
27807;10434;;;
27808;10454;;;
27809;15522;;;
27810;-;;;
27811;-;;;
27812;15657;;;
27813;17041;;;
27814;-;;;
27815;10513;;;
27816;21894;;;
27817;15518;;;
27818;15514;;;
27819;10399;;;
27820;-;;;
27821;-;;;
27822;-;;;
27823;-;;;
27824;-;;;
27825;-;;;
27826;-;;;
27827;-;;;
27828;-;;;
27829;-;;;
27830;-;;;
27831;-;;;
27832;-;;;
27833;-;;;
27834;-;;;
27835;-;;;
27836;-;;;
27837;-;;;
27838;-;;;
27839;-;;;
27601;12049;;;
27602;18239;;;
27603;20316;;;
27604;15178;;;
27605;15248;;;
27606;22930;;;
27607;21106;;;
27608;12074;;;
27609;14176;;;
27610;12069;;;
27611;20357;;;
27612;16632;;;
27613;-;;;
27614;15245;;;
27615;14341;;;
27616;-;;;
27617;20142;;;
27618;20564;;;
27619;18384;;;
27620;-;;;
27621;-;;;
27622;12261;;;
27623;10158;;;
27624;-;;;
27625;-;;;
27626;-;;;
27627;15542;;;
27628;12207;;;
27629;21576;;;
27630;18925;;;
27631;10736;;;
27632;21903;;;
27633;-;;;
27634;-;;;
27635;18945;;;
27636;20295;;;
27637;20569;;;
27638;-;;;
27639;17132;;;
27640;23459;;;
27641;18899;;;
27642;-;;;
27643;-;;;
27644;-;;;
27645;17138;;;
27646;-;;;
27647;-;;;
27648;-;;;
27201;12310;;;
27202;23460;;;
27203;-;;;
27204;-;;;
27205;-;;;
27206;12311;;;
27207;-;;;
27208;17121;;;
27209;21545;;;
27210;18688-27418;;;
67001;16420;;;
67002;18964;;;
67003;23404;;;
67004;17404;;;
67005;22948;;;
67006;17403;;;
67007;-;;;
67008;17295;;;
67009;-;;;
67010;-;;;
67011;17297;;;
67012;22858;;;
67013;-;;;
67014;-;;;
67015;-;;;
67016;23408;;;
67017;-;;;
67018;-;;;
67019;-;;;
67020;17463;;;
67021;23455;;;
67022;-;;;
67023;-;;;
67024;22749;;;
67025;-;;;
67026;-;;;
67027;-;;;
67028;-;;;
67029;-;;;
67030;-;;;
67031;-;;;
67032;-;;;
67033;22857;;;
67034;22854;;;
21801;;;80503;
21802;;19443;;
21803;;;;211088
21804;;;80504;
21805;;;;
21806;;;;
21807;;19433;;
21808;;;;
21809;;19425;;
21810;;19426;;
21811;;19432;;
21812;;19814;;
21813;;19915;;
21814;;;;
13101;11684;;;
13102;20112;;;
13103;-;;;
13104;20105;;;
13105;-;;;
13106;20122;;;
13107;-;;;
13108;-;;;
13109;-;;;
13110;-;;;
13111;12586;;;